[gd_scene load_steps=4 format=2]

[sub_resource type="SpatialMaterial" id=1]
albedo_color = Color( 0.282353, 0.0705882, 0.0705882, 1 )

[sub_resource type="SpatialMaterial" id=2]
albedo_color = Color( 0.466667, 0.133333, 0.133333, 1 )

[sub_resource type="SpatialMaterial" id=3]
albedo_color = Color( 0.164706, 0.454902, 0, 1 )

[node name="Spatial" type="Spatial"]

[node name="CSGBox" type="CSGBox" parent="."]
transform = Transform( -0.999644, 0, 0.0266653, 0, 1, 0, -0.0266653, 0, -0.999644, 12.5432, 0, -0.512401 )
layers = 3
use_collision = true
height = 17.1306
depth = 38.8884

[node name="CSGBox6" type="CSGBox" parent="."]
transform = Transform( -0.819932, 0, 0.572461, 0, 1, 0, -0.572461, 0, -0.819932, 9.79444, 4.32577, 12.4103 )
layers = 3
use_collision = true
height = 8.50917
depth = 16.9531

[node name="CSGBox8" type="CSGBox" parent="."]
transform = Transform( -0.0975037, -0.0164533, 0.995099, -0.00542006, 0.999857, 0.0160009, -0.99522, -0.00383335, -0.0975789, 1.89767, 4.32577, 17.2058 )
layers = 3
use_collision = true
height = 8.50917
depth = 16.9531

[node name="CSGBox7" type="CSGBox" parent="."]
transform = Transform( -0.999644, 0, 0.0266653, 0, 1, 0, -0.0266653, 0, -0.999644, 12.5432, 0, -0.512401 )
layers = 3
use_collision = true
height = 17.1306
depth = 38.8884

[node name="CSGBox2" type="CSGBox" parent="."]
transform = Transform( -0.999033, -0.0349568, 0.0266653, -0.0349693, 0.999388, 0, -0.026649, -0.000932466, -0.999644, 11.312, 0, -0.0138865 )
layers = 3
material_override = SubResource( 1 )
use_collision = true
depth = 6.84642

[node name="CSGBox3" type="CSGBox" parent="."]
transform = Transform( -0.999644, 0, 0.0266653, 0, 1, 0, -0.0266653, 0, -0.999644, 10.7096, 1.8672, 9.10394 )
layers = 3
material_override = SubResource( 2 )
use_collision = true
height = 1.23637
depth = 7.50879

[node name="CSGBox4" type="CSGBox" parent="."]
transform = Transform( 1, 0, 0, 0, 1, 0, 0, 0, 1, 5.21744, 5.9598, -12.3879 )
layers = 3
use_collision = true
height = 12.9433

[node name="CSGBox5" type="CSGBox" parent="."]
transform = Transform( 1, 0, 0, 0, 1, 0, 0, 0, 1, -14.5815, 0.162884, 3.01107 )
layers = 3
use_collision = true
width = 7.1869
height = 3.35292
depth = 19.4769

[node name="Ground" type="CSGBox" parent="."]
transform = Transform( 1, 0, 0, 0, 1, 0, 0, 0, 1, -0.139677, -1.00878, -9.72099 )
use_collision = true
width = 43.7746
depth = 62.8659
material = SubResource( 3 )
